Title="Crack Growth Comparison at 25% Strain"
Xaxis="Number of Cycles (kc)"
Yaxis="Crack Depth (mm)"
Line="unsoftened"
3.000000e+00    2.000000e+00


Title="Crack Growth Comparison at 25% Strain"
Xaxis="Number of Cycles (kc)"
Yaxis="Crack Depth (mm)"
Line="unsoftened"
0.000000e+00    2.000000e+00
1.373497e+02    2.500000e+00
2.403780e+02    3.000000e+00
skip
3.205736e+02    3.500000e+00
3.845680e+02    4.000000e+00
4.365218e+02    4.500000e+00
4.792050e+02    5.000000e+00
skip
5.145610e+02    5.500000e+00
5.440084e+02    6.000000e+00
5.678155e+02    6.482125e+00
5.686255e+02    6.500000e+00
skip
5.861321e+02    6.918559e+00
5.892577e+02    7.000000e+00
6.020328e+02    7.360654e+00
6.065587e+02    7.500000e+00

Line="softened"
0.000000e+00    2.000000e+00
1.873274e+02    2.500000e+00
3.278449e+02    3.000000e+00
4.372214e+02    3.500000e+00
5.245015e+02    4.000000e+00
5.953596e+02    4.500000e+00
6.535739e+02    5.000000e+00
7.017950e+02    5.500000e+00
7.419573e+02    6.000000e+00
7.744271e+02    6.482125e+00
7.755319e+02    6.500000e+00
7.994085e+02    6.918559e+00
8.036714e+02    7.000000e+00
8.210949e+02    7.360654e+00
8.272678e+02    7.500000e+00

Title="Crack Growth Comparison at 50% Strain"
Xaxis="Number of Cycles (kc)"
Yaxis="Crack Depth (mm)"

Line="unsoftened"
0.000000e+00    2.000000e+00
3.480081e+01    2.500000e+00
6.082956e+01    3.000000e+00
8.105608e+01    3.500000e+00
9.719518e+01    4.000000e+00
1.079825e+02    4.500000e+00
1.144609e+02    5.000000e+00
1.184539e+02    5.500000e+00
1.209611e+02    6.000000e+00
1.225410e+02    6.494318e+00
1.225566e+02    6.500000e+00
1.236403e+02    6.938282e+00
1.237773e+02    7.000000e+00
1.245500e+02    7.384887e+00
1.247575e+02    7.500000e+00

Line="softened"
0.000000e+00    2.000000e+00
4.746434e+01    2.500000e+00
8.296438e+01    3.000000e+00
1.105509e+02    3.500000e+00
1.325626e+02    4.000000e+00
1.504614e+02    4.500000e+00
1.651466e+02    5.000000e+00
1.741982e+02    5.500000e+00
1.798813e+02    6.000000e+00
1.834628e+02    6.494318e+00
1.834960e+02    6.500000e+00
1.855860e+02    6.938282e+00
1.858238e+02    7.000000e+00
1.870383e+02    7.384887e+00
1.873521e+02    7.500000e+00

Title="Crack Growth Comparison at 100% Strain"
Xaxis="Number of Cycles (kc)"
Yaxis="Crack Depth (mm)"

Line="unsoftened"
0.000000e+00    2.000000e+00
4.212263e+00    2.500000e+00
6.219232e+00    3.000000e+00
7.458972e+00    3.500000e+00
8.387889e+00    4.000000e+00
9.101457e+00    4.500000e+00
9.659459e+00    5.000000e+00
1.010172e+01    5.500000e+00
1.045566e+01    6.000000e+00
1.074067e+01    6.500000e+00
1.095434e+01    6.959177e+00
1.097151e+01    7.000000e+00
1.112607e+01    7.404449e+00
1.115906e+01    7.500000e+00

Line="softened"
0.000000e+00    2.000000e+00
9.549826e+00    2.500000e+00
1.409970e+01    3.000000e+00
1.649731e+01    3.500000e+00
1.790146e+01    4.000000e+00
1.898008e+01    4.500000e+00
1.982355e+01    5.000000e+00
2.049207e+01    5.500000e+00
2.102708e+01    6.000000e+00
2.145790e+01    6.500000e+00
2.178088e+01    6.959177e+00
2.180682e+01    7.000000e+00
2.204046e+01    7.404449e+00
2.209032e+01    7.500000e+00

Title="Crack Growth Comparison at 150% Strain"
Xaxis="Number of Cycles (kc)"
Yaxis="Crack Depth (mm)"

Line="unsoftened"
0.000000e+00    2.000000e+00
7.620261e-01    2.500000e+00
1.290091e+00    3.000000e+00
1.674518e+00    3.500000e+00
1.964217e+00    4.000000e+00
2.188153e+00    4.500000e+00
2.364415e+00    5.000000e+00
2.505074e+00    5.500000e+00
2.618451e+00    6.000000e+00
2.710395e+00    6.500000e+00

Line="softened"
0.000000e+00    2.000000e+00
1.152451e+00    2.500000e+00
1.950908e+00    3.000000e+00
2.532138e+00    3.500000e+00
2.970129e+00    4.000000e+00
3.308686e+00    4.500000e+00
3.575165e+00    5.000000e+00
3.787814e+00    5.500000e+00
3.959218e+00    6.000000e+00
4.098217e+00    6.500000e+00
4.205807e+00    6.972220e+00
4.211545e+00    7.000000e+00
4.290039e+00    7.416742e+00

